Enter the name of the calibration file: Enter the name of the calibration file: Number of Points 30 
image params 640 480 30 
calibration data  402.000000 480.000000 0.000000 0.000000 0.000000 350.000000 
calibration data  371.000000 472.000000 25.000000 0.000000 0.000000 367.677002 
calibration data  342.000000 464.000000 50.000000 0.000000 0.000000 385.855011 
calibration data  317.000000 456.000000 75.000000 0.000000 0.000000 403.032990 
calibration data  293.000000 449.000000 100.000000 0.000000 0.000000 420.710602 
calibration data  402.000000 429.000000 0.000000 0.000000 25.000000 350.000000 
calibration data  371.000000 422.000000 25.000000 0.000000 25.000000 367.677002 
calibration data  343.000000 415.000000 50.000000 0.000000 25.000000 385.855011 
calibration data  317.000000 410.000000 75.000000 0.000000 25.000000 403.032990 
calibration data  293.000000 405.000000 100.000000 0.000000 25.000000 420.710602 
calibration data  403.000000 371.000000 0.000000 0.000000 50.000000 350.000000 
calibration data  372.000000 368.000000 25.000000 0.000000 50.000000 367.666992 
calibration data  343.000000 364.000000 50.000000 0.000000 50.000000 385.855011 
calibration data  318.000000 361.000000 75.000000 0.000000 50.000000 403.032990 
calibration data  294.000000 357.000000 100.000000 0.000000 50.000000 420.710602 
calibration data  427.000000 472.000000 0.000000 25.000000 0.000000 367.666992 
calibration data  450.000000 464.000000 0.000000 50.000000 0.000000 385.855011 
calibration data  471.000000 457.000000 0.000000 75.000000 0.000000 403.032990 
calibration data  490.000000 448.000000 0.000000 100.000000 0.000000 420.710602 
calibration data  427.000000 421.000000 0.000000 25.000000 25.000000 367.666992 
calibration data  451.000000 415.000000 0.000000 50.000000 25.000000 385.855011 
calibration data  471.000000 410.000000 0.000000 75.000000 25.000000 403.032990 
calibration data  491.000000 404.000000 0.000000 100.000000 25.000000 420.710602 
calibration data  427.000000 368.000000 0.000000 25.000000 50.000000 367.666992 
calibration data  452.000000 365.000000 0.000000 50.000000 50.000000 385.855011 
calibration data  472.000000 362.000000 0.000000 75.000000 50.000000 403.032990 
calibration data  490.000000 359.000000 0.000000 100.000000 50.000000 420.710602 
calibration data  423.000000 361.000000 25.000000 50.000000 50.000000 403.032990 
calibration data  368.000000 360.000000 50.000000 25.000000 50.000000 403.032990 
calibration data  392.000000 358.000000 50.000000 50.000000 50.000000 420.710602 
 row 0 0.000000 0.000000 0.000000 1.000000 0.000000 0.000000 0.000000 0.000000 0.000000 0.000000 0.000000 0.000000
 row 1 0.000000 0.000000 0.000000 0.000000 0.000000 0.000000 0.000000 1.000000 0.000000 0.000000 0.000000 0.000000
 row 2 0.000000 0.000000 0.000000 0.000000 0.000000 0.000000 0.000000 0.000000 0.000000 0.000000 0.000000 1.000000
 row 3 25.000000 0.000000 0.000000 1.000000 0.000000 0.000000 0.000000 0.000000 0.000000 0.000000 0.000000 0.000000
 row 4 0.000000 0.000000 0.000000 0.000000 25.000000 0.000000 0.000000 1.000000 0.000000 0.000000 0.000000 0.000000
 row 5 0.000000 0.000000 0.000000 0.000000 0.000000 0.000000 0.000000 0.000000 25.000000 0.000000 0.000000 1.000000
 row 6 50.000000 0.000000 0.000000 1.000000 0.000000 0.000000 0.000000 0.000000 0.000000 0.000000 0.000000 0.000000
 row 7 0.000000 0.000000 0.000000 0.000000 50.000000 0.000000 0.000000 1.000000 0.000000 0.000000 0.000000 0.000000
 row 8 0.000000 0.000000 0.000000 0.000000 0.000000 0.000000 0.000000 0.000000 50.000000 0.000000 0.000000 1.000000
 row 9 75.000000 0.000000 0.000000 1.000000 0.000000 0.000000 0.000000 0.000000 0.000000 0.000000 0.000000 0.000000
 row 10 0.000000 0.000000 0.000000 0.000000 75.000000 0.000000 0.000000 1.000000 0.000000 0.000000 0.000000 0.000000
 row 11 0.000000 0.000000 0.000000 0.000000 0.000000 0.000000 0.000000 0.000000 75.000000 0.000000 0.000000 1.000000
 row 12 100.000000 0.000000 0.000000 1.000000 0.000000 0.000000 0.000000 0.000000 0.000000 0.000000 0.000000 0.000000
 row 13 0.000000 0.000000 0.000000 0.000000 100.000000 0.000000 0.000000 1.000000 0.000000 0.000000 0.000000 0.000000
 row 14 0.000000 0.000000 0.000000 0.000000 0.000000 0.000000 0.000000 0.000000 100.000000 0.000000 0.000000 1.000000
 row 15 0.000000 0.000000 25.000000 1.000000 0.000000 0.000000 0.000000 0.000000 0.000000 0.000000 0.000000 0.000000
 row 16 0.000000 0.000000 0.000000 0.000000 0.000000 0.000000 25.000000 1.000000 0.000000 0.000000 0.000000 0.000000
 row 17 0.000000 0.000000 0.000000 0.000000 0.000000 0.000000 0.000000 0.000000 0.000000 0.000000 25.000000 1.000000
 row 18 25.000000 0.000000 25.000000 1.000000 0.000000 0.000000 0.000000 0.000000 0.000000 0.000000 0.000000 0.000000
 row 19 0.000000 0.000000 0.000000 0.000000 25.000000 0.000000 25.000000 1.000000 0.000000 0.000000 0.000000 0.000000
 row 20 0.000000 0.000000 0.000000 0.000000 0.000000 0.000000 0.000000 0.000000 25.000000 0.000000 25.000000 1.000000
 row 21 50.000000 0.000000 25.000000 1.000000 0.000000 0.000000 0.000000 0.000000 0.000000 0.000000 0.000000 0.000000
 row 22 0.000000 0.000000 0.000000 0.000000 50.000000 0.000000 25.000000 1.000000 0.000000 0.000000 0.000000 0.000000
 row 23 0.000000 0.000000 0.000000 0.000000 0.000000 0.000000 0.000000 0.000000 50.000000 0.000000 25.000000 1.000000
 row 24 75.000000 0.000000 25.000000 1.000000 0.000000 0.000000 0.000000 0.000000 0.000000 0.000000 0.000000 0.000000
 row 25 0.000000 0.000000 0.000000 0.000000 75.000000 0.000000 25.000000 1.000000 0.000000 0.000000 0.000000 0.000000
 row 26 0.000000 0.000000 0.000000 0.000000 0.000000 0.000000 0.000000 0.000000 75.000000 0.000000 25.000000 1.000000
 row 27 100.000000 0.000000 25.000000 1.000000 0.000000 0.000000 0.000000 0.000000 0.000000 0.000000 0.000000 0.000000
 row 28 0.000000 0.000000 0.000000 0.000000 100.000000 0.000000 25.000000 1.000000 0.000000 0.000000 0.000000 0.000000
 row 29 0.000000 0.000000 0.000000 0.000000 0.000000 0.000000 0.000000 0.000000 100.000000 0.000000 25.000000 1.000000
 row 30 0.000000 0.000000 50.000000 1.000000 0.000000 0.000000 0.000000 0.000000 0.000000 0.000000 0.000000 0.000000
 row 31 0.000000 0.000000 0.000000 0.000000 0.000000 0.000000 50.000000 1.000000 0.000000 0.000000 0.000000 0.000000
 row 32 0.000000 0.000000 0.000000 0.000000 0.000000 0.000000 0.000000 0.000000 0.000000 0.000000 50.000000 1.000000
 row 33 25.000000 0.000000 50.000000 1.000000 0.000000 0.000000 0.000000 0.000000 0.000000 0.000000 0.000000 0.000000
 row 34 0.000000 0.000000 0.000000 0.000000 25.000000 0.000000 50.000000 1.000000 0.000000 0.000000 0.000000 0.000000
 row 35 0.000000 0.000000 0.000000 0.000000 0.000000 0.000000 0.000000 0.000000 25.000000 0.000000 50.000000 1.000000
 row 36 50.000000 0.000000 50.000000 1.000000 0.000000 0.000000 0.000000 0.000000 0.000000 0.000000 0.000000 0.000000
 row 37 0.000000 0.000000 0.000000 0.000000 50.000000 0.000000 50.000000 1.000000 0.000000 0.000000 0.000000 0.000000
 row 38 0.000000 0.000000 0.000000 0.000000 0.000000 0.000000 0.000000 0.000000 50.000000 0.000000 50.000000 1.000000
 row 39 75.000000 0.000000 50.000000 1.000000 0.000000 0.000000 0.000000 0.000000 0.000000 0.000000 0.000000 0.000000
 row 40 0.000000 0.000000 0.000000 0.000000 75.000000 0.000000 50.000000 1.000000 0.000000 0.000000 0.000000 0.000000
 row 41 0.000000 0.000000 0.000000 0.000000 0.000000 0.000000 0.000000 0.000000 75.000000 0.000000 50.000000 1.000000
 row 42 100.000000 0.000000 50.000000 1.000000 0.000000 0.000000 0.000000 0.000000 0.000000 0.000000 0.000000 0.000000
 row 43 0.000000 0.000000 0.000000 0.000000 100.000000 0.000000 50.000000 1.000000 0.000000 0.000000 0.000000 0.000000
 row 44 0.000000 0.000000 0.000000 0.000000 0.000000 0.000000 0.000000 0.000000 100.000000 0.000000 50.000000 1.000000
 row 45 0.000000 25.000000 0.000000 1.000000 0.000000 0.000000 0.000000 0.000000 0.000000 0.000000 0.000000 0.000000
 row 46 0.000000 0.000000 0.000000 0.000000 0.000000 25.000000 0.000000 1.000000 0.000000 0.000000 0.000000 0.000000
 row 47 0.000000 0.000000 0.000000 0.000000 0.000000 0.000000 0.000000 0.000000 0.000000 25.000000 0.000000 1.000000
 row 48 0.000000 50.000000 0.000000 1.000000 0.000000 0.000000 0.000000 0.000000 0.000000 0.000000 0.000000 0.000000
 row 49 0.000000 0.000000 0.000000 0.000000 0.000000 50.000000 0.000000 1.000000 0.000000 0.000000 0.000000 0.000000
 row 50 0.000000 0.000000 0.000000 0.000000 0.000000 0.000000 0.000000 0.000000 0.000000 50.000000 0.000000 1.000000
 row 51 0.000000 75.000000 0.000000 1.000000 0.000000 0.000000 0.000000 0.000000 0.000000 0.000000 0.000000 0.000000
 row 52 0.000000 0.000000 0.000000 0.000000 0.000000 75.000000 0.000000 1.000000 0.000000 0.000000 0.000000 0.000000
 row 53 0.000000 0.000000 0.000000 0.000000 0.000000 0.000000 0.000000 0.000000 0.000000 75.000000 0.000000 1.000000
 row 54 0.000000 100.000000 0.000000 1.000000 0.000000 0.000000 0.000000 0.000000 0.000000 0.000000 0.000000 0.000000
 row 55 0.000000 0.000000 0.000000 0.000000 0.000000 100.000000 0.000000 1.000000 0.000000 0.000000 0.000000 0.000000
 row 56 0.000000 0.000000 0.000000 0.000000 0.000000 0.000000 0.000000 0.000000 0.000000 100.000000 0.000000 1.000000
 row 57 0.000000 25.000000 25.000000 1.000000 0.000000 0.000000 0.000000 0.000000 0.000000 0.000000 0.000000 0.000000
 row 58 0.000000 0.000000 0.000000 0.000000 0.000000 25.000000 25.000000 1.000000 0.000000 0.000000 0.000000 0.000000
 row 59 0.000000 0.000000 0.000000 0.000000 0.000000 0.000000 0.000000 0.000000 0.000000 25.000000 25.000000 1.000000
 row 60 0.000000 50.000000 25.000000 1.000000 0.000000 0.000000 0.000000 0.000000 0.000000 0.000000 0.000000 0.000000
 row 61 0.000000 0.000000 0.000000 0.000000 0.000000 50.000000 25.000000 1.000000 0.000000 0.000000 0.000000 0.000000
 row 62 0.000000 0.000000 0.000000 0.000000 0.000000 0.000000 0.000000 0.000000 0.000000 50.000000 25.000000 1.000000
 row 63 0.000000 75.000000 25.000000 1.000000 0.000000 0.000000 0.000000 0.000000 0.000000 0.000000 0.000000 0.000000
 row 64 0.000000 0.000000 0.000000 0.000000 0.000000 75.000000 25.000000 1.000000 0.000000 0.000000 0.000000 0.000000
 row 65 0.000000 0.000000 0.000000 0.000000 0.000000 0.000000 0.000000 0.000000 0.000000 75.000000 25.000000 1.000000
 row 66 0.000000 100.000000 25.000000 1.000000 0.000000 0.000000 0.000000 0.000000 0.000000 0.000000 0.000000 0.000000
 row 67 0.000000 0.000000 0.000000 0.000000 0.000000 100.000000 25.000000 1.000000 0.000000 0.000000 0.000000 0.000000
 row 68 0.000000 0.000000 0.000000 0.000000 0.000000 0.000000 0.000000 0.000000 0.000000 100.000000 25.000000 1.000000
 row 69 0.000000 25.000000 50.000000 1.000000 0.000000 0.000000 0.000000 0.000000 0.000000 0.000000 0.000000 0.000000
 row 70 0.000000 0.000000 0.000000 0.000000 0.000000 25.000000 50.000000 1.000000 0.000000 0.000000 0.000000 0.000000
 row 71 0.000000 0.000000 0.000000 0.000000 0.000000 0.000000 0.000000 0.000000 0.000000 25.000000 50.000000 1.000000
 row 72 0.000000 50.000000 50.000000 1.000000 0.000000 0.000000 0.000000 0.000000 0.000000 0.000000 0.000000 0.000000
 row 73 0.000000 0.000000 0.000000 0.000000 0.000000 50.000000 50.000000 1.000000 0.000000 0.000000 0.000000 0.000000
 row 74 0.000000 0.000000 0.000000 0.000000 0.000000 0.000000 0.000000 0.000000 0.000000 50.000000 50.000000 1.000000
 row 75 0.000000 75.000000 50.000000 1.000000 0.000000 0.000000 0.000000 0.000000 0.000000 0.000000 0.000000 0.000000
 row 76 0.000000 0.000000 0.000000 0.000000 0.000000 75.000000 50.000000 1.000000 0.000000 0.000000 0.000000 0.000000
 row 77 0.000000 0.000000 0.000000 0.000000 0.000000 0.000000 0.000000 0.000000 0.000000 75.000000 50.000000 1.000000
 row 78 0.000000 100.000000 50.000000 1.000000 0.000000 0.000000 0.000000 0.000000 0.000000 0.000000 0.000000 0.000000
 row 79 0.000000 0.000000 0.000000 0.000000 0.000000 100.000000 50.000000 1.000000 0.000000 0.000000 0.000000 0.000000
 row 80 0.000000 0.000000 0.000000 0.000000 0.000000 0.000000 0.000000 0.000000 0.000000 100.000000 50.000000 1.000000
 row 81 25.000000 50.000000 50.000000 1.000000 0.000000 0.000000 0.000000 0.000000 0.000000 0.000000 0.000000 0.000000
 row 82 0.000000 0.000000 0.000000 0.000000 25.000000 50.000000 50.000000 1.000000 0.000000 0.000000 0.000000 0.000000
 row 83 0.000000 0.000000 0.000000 0.000000 0.000000 0.000000 0.000000 0.000000 25.000000 50.000000 50.000000 1.000000
 row 84 50.000000 25.000000 50.000000 1.000000 0.000000 0.000000 0.000000 0.000000 0.000000 0.000000 0.000000 0.000000
 row 85 0.000000 0.000000 0.000000 0.000000 50.000000 25.000000 50.000000 1.000000 0.000000 0.000000 0.000000 0.000000
 row 86 0.000000 0.000000 0.000000 0.000000 0.000000 0.000000 0.000000 0.000000 50.000000 25.000000 50.000000 1.000000
 row 87 50.000000 50.000000 50.000000 1.000000 0.000000 0.000000 0.000000 0.000000 0.000000 0.000000 0.000000 0.000000
 row 88 0.000000 0.000000 0.000000 0.000000 50.000000 50.000000 50.000000 1.000000 0.000000 0.000000 0.000000 0.000000
 row 89 0.000000 0.000000 0.000000 0.000000 0.000000 0.000000 0.000000 0.000000 50.000000 50.000000 50.000000 1.000000
M matrix 
number of rows and cols,90 12 
0.00000 0.00000 0.00000 1.00000 0.00000 0.00000 0.00000 0.00000 0.00000 0.00000 0.00000 0.00000 
0.00000 0.00000 0.00000 0.00000 0.00000 0.00000 0.00000 1.00000 0.00000 0.00000 0.00000 0.00000 
0.00000 0.00000 0.00000 0.00000 0.00000 0.00000 0.00000 0.00000 0.00000 0.00000 0.00000 1.00000 
25.00000 0.00000 0.00000 1.00000 0.00000 0.00000 0.00000 0.00000 0.00000 0.00000 0.00000 0.00000 
0.00000 0.00000 0.00000 0.00000 25.00000 0.00000 0.00000 1.00000 0.00000 0.00000 0.00000 0.00000 
0.00000 0.00000 0.00000 0.00000 0.00000 0.00000 0.00000 0.00000 25.00000 0.00000 0.00000 1.00000 
50.00000 0.00000 0.00000 1.00000 0.00000 0.00000 0.00000 0.00000 0.00000 0.00000 0.00000 0.00000 
0.00000 0.00000 0.00000 0.00000 50.00000 0.00000 0.00000 1.00000 0.00000 0.00000 0.00000 0.00000 
0.00000 0.00000 0.00000 0.00000 0.00000 0.00000 0.00000 0.00000 50.00000 0.00000 0.00000 1.00000 
75.00000 0.00000 0.00000 1.00000 0.00000 0.00000 0.00000 0.00000 0.00000 0.00000 0.00000 0.00000 
0.00000 0.00000 0.00000 0.00000 75.00000 0.00000 0.00000 1.00000 0.00000 0.00000 0.00000 0.00000 
0.00000 0.00000 0.00000 0.00000 0.00000 0.00000 0.00000 0.00000 75.00000 0.00000 0.00000 1.00000 
100.00000 0.00000 0.00000 1.00000 0.00000 0.00000 0.00000 0.00000 0.00000 0.00000 0.00000 0.00000 
0.00000 0.00000 0.00000 0.00000 100.00000 0.00000 0.00000 1.00000 0.00000 0.00000 0.00000 0.00000 
0.00000 0.00000 0.00000 0.00000 0.00000 0.00000 0.00000 0.00000 100.00000 0.00000 0.00000 1.00000 
0.00000 0.00000 25.00000 1.00000 0.00000 0.00000 0.00000 0.00000 0.00000 0.00000 0.00000 0.00000 
0.00000 0.00000 0.00000 0.00000 0.00000 0.00000 25.00000 1.00000 0.00000 0.00000 0.00000 0.00000 
0.00000 0.00000 0.00000 0.00000 0.00000 0.00000 0.00000 0.00000 0.00000 0.00000 25.00000 1.00000 
25.00000 0.00000 25.00000 1.00000 0.00000 0.00000 0.00000 0.00000 0.00000 0.00000 0.00000 0.00000 
0.00000 0.00000 0.00000 0.00000 25.00000 0.00000 25.00000 1.00000 0.00000 0.00000 0.00000 0.00000 
0.00000 0.00000 0.00000 0.00000 0.00000 0.00000 0.00000 0.00000 25.00000 0.00000 25.00000 1.00000 
50.00000 0.00000 25.00000 1.00000 0.00000 0.00000 0.00000 0.00000 0.00000 0.00000 0.00000 0.00000 
0.00000 0.00000 0.00000 0.00000 50.00000 0.00000 25.00000 1.00000 0.00000 0.00000 0.00000 0.00000 
0.00000 0.00000 0.00000 0.00000 0.00000 0.00000 0.00000 0.00000 50.00000 0.00000 25.00000 1.00000 
75.00000 0.00000 25.00000 1.00000 0.00000 0.00000 0.00000 0.00000 0.00000 0.00000 0.00000 0.00000 
0.00000 0.00000 0.00000 0.00000 75.00000 0.00000 25.00000 1.00000 0.00000 0.00000 0.00000 0.00000 
0.00000 0.00000 0.00000 0.00000 0.00000 0.00000 0.00000 0.00000 75.00000 0.00000 25.00000 1.00000 
100.00000 0.00000 25.00000 1.00000 0.00000 0.00000 0.00000 0.00000 0.00000 0.00000 0.00000 0.00000 
0.00000 0.00000 0.00000 0.00000 100.00000 0.00000 25.00000 1.00000 0.00000 0.00000 0.00000 0.00000 
0.00000 0.00000 0.00000 0.00000 0.00000 0.00000 0.00000 0.00000 100.00000 0.00000 25.00000 1.00000 
0.00000 0.00000 50.00000 1.00000 0.00000 0.00000 0.00000 0.00000 0.00000 0.00000 0.00000 0.00000 
0.00000 0.00000 0.00000 0.00000 0.00000 0.00000 50.00000 1.00000 0.00000 0.00000 0.00000 0.00000 
0.00000 0.00000 0.00000 0.00000 0.00000 0.00000 0.00000 0.00000 0.00000 0.00000 50.00000 1.00000 
25.00000 0.00000 50.00000 1.00000 0.00000 0.00000 0.00000 0.00000 0.00000 0.00000 0.00000 0.00000 
0.00000 0.00000 0.00000 0.00000 25.00000 0.00000 50.00000 1.00000 0.00000 0.00000 0.00000 0.00000 
0.00000 0.00000 0.00000 0.00000 0.00000 0.00000 0.00000 0.00000 25.00000 0.00000 50.00000 1.00000 
50.00000 0.00000 50.00000 1.00000 0.00000 0.00000 0.00000 0.00000 0.00000 0.00000 0.00000 0.00000 
0.00000 0.00000 0.00000 0.00000 50.00000 0.00000 50.00000 1.00000 0.00000 0.00000 0.00000 0.00000 
0.00000 0.00000 0.00000 0.00000 0.00000 0.00000 0.00000 0.00000 50.00000 0.00000 50.00000 1.00000 
75.00000 0.00000 50.00000 1.00000 0.00000 0.00000 0.00000 0.00000 0.00000 0.00000 0.00000 0.00000 
0.00000 0.00000 0.00000 0.00000 75.00000 0.00000 50.00000 1.00000 0.00000 0.00000 0.00000 0.00000 
0.00000 0.00000 0.00000 0.00000 0.00000 0.00000 0.00000 0.00000 75.00000 0.00000 50.00000 1.00000 
100.00000 0.00000 50.00000 1.00000 0.00000 0.00000 0.00000 0.00000 0.00000 0.00000 0.00000 0.00000 
0.00000 0.00000 0.00000 0.00000 100.00000 0.00000 50.00000 1.00000 0.00000 0.00000 0.00000 0.00000 
0.00000 0.00000 0.00000 0.00000 0.00000 0.00000 0.00000 0.00000 100.00000 0.00000 50.00000 1.00000 
0.00000 25.00000 0.00000 1.00000 0.00000 0.00000 0.00000 0.00000 0.00000 0.00000 0.00000 0.00000 
0.00000 0.00000 0.00000 0.00000 0.00000 25.00000 0.00000 1.00000 0.00000 0.00000 0.00000 0.00000 
0.00000 0.00000 0.00000 0.00000 0.00000 0.00000 0.00000 0.00000 0.00000 25.00000 0.00000 1.00000 
0.00000 50.00000 0.00000 1.00000 0.00000 0.00000 0.00000 0.00000 0.00000 0.00000 0.00000 0.00000 
0.00000 0.00000 0.00000 0.00000 0.00000 50.00000 0.00000 1.00000 0.00000 0.00000 0.00000 0.00000 
0.00000 0.00000 0.00000 0.00000 0.00000 0.00000 0.00000 0.00000 0.00000 50.00000 0.00000 1.00000 
0.00000 75.00000 0.00000 1.00000 0.00000 0.00000 0.00000 0.00000 0.00000 0.00000 0.00000 0.00000 
0.00000 0.00000 0.00000 0.00000 0.00000 75.00000 0.00000 1.00000 0.00000 0.00000 0.00000 0.00000 
0.00000 0.00000 0.00000 0.00000 0.00000 0.00000 0.00000 0.00000 0.00000 75.00000 0.00000 1.00000 
0.00000 100.00000 0.00000 1.00000 0.00000 0.00000 0.00000 0.00000 0.00000 0.00000 0.00000 0.00000 
0.00000 0.00000 0.00000 0.00000 0.00000 100.00000 0.00000 1.00000 0.00000 0.00000 0.00000 0.00000 
0.00000 0.00000 0.00000 0.00000 0.00000 0.00000 0.00000 0.00000 0.00000 100.00000 0.00000 1.00000 
0.00000 25.00000 25.00000 1.00000 0.00000 0.00000 0.00000 0.00000 0.00000 0.00000 0.00000 0.00000 
0.00000 0.00000 0.00000 0.00000 0.00000 25.00000 25.00000 1.00000 0.00000 0.00000 0.00000 0.00000 
0.00000 0.00000 0.00000 0.00000 0.00000 0.00000 0.00000 0.00000 0.00000 25.00000 25.00000 1.00000 
0.00000 50.00000 25.00000 1.00000 0.00000 0.00000 0.00000 0.00000 0.00000 0.00000 0.00000 0.00000 
0.00000 0.00000 0.00000 0.00000 0.00000 50.00000 25.00000 1.00000 0.00000 0.00000 0.00000 0.00000 
0.00000 0.00000 0.00000 0.00000 0.00000 0.00000 0.00000 0.00000 0.00000 50.00000 25.00000 1.00000 
0.00000 75.00000 25.00000 1.00000 0.00000 0.00000 0.00000 0.00000 0.00000 0.00000 0.00000 0.00000 
0.00000 0.00000 0.00000 0.00000 0.00000 75.00000 25.00000 1.00000 0.00000 0.00000 0.00000 0.00000 
0.00000 0.00000 0.00000 0.00000 0.00000 0.00000 0.00000 0.00000 0.00000 75.00000 25.00000 1.00000 
0.00000 100.00000 25.00000 1.00000 0.00000 0.00000 0.00000 0.00000 0.00000 0.00000 0.00000 0.00000 
0.00000 0.00000 0.00000 0.00000 0.00000 100.00000 25.00000 1.00000 0.00000 0.00000 0.00000 0.00000 
0.00000 0.00000 0.00000 0.00000 0.00000 0.00000 0.00000 0.00000 0.00000 100.00000 25.00000 1.00000 
0.00000 25.00000 50.00000 1.00000 0.00000 0.00000 0.00000 0.00000 0.00000 0.00000 0.00000 0.00000 
0.00000 0.00000 0.00000 0.00000 0.00000 25.00000 50.00000 1.00000 0.00000 0.00000 0.00000 0.00000 
0.00000 0.00000 0.00000 0.00000 0.00000 0.00000 0.00000 0.00000 0.00000 25.00000 50.00000 1.00000 
0.00000 50.00000 50.00000 1.00000 0.00000 0.00000 0.00000 0.00000 0.00000 0.00000 0.00000 0.00000 
0.00000 0.00000 0.00000 0.00000 0.00000 50.00000 50.00000 1.00000 0.00000 0.00000 0.00000 0.00000 
0.00000 0.00000 0.00000 0.00000 0.00000 0.00000 0.00000 0.00000 0.00000 50.00000 50.00000 1.00000 
0.00000 75.00000 50.00000 1.00000 0.00000 0.00000 0.00000 0.00000 0.00000 0.00000 0.00000 0.00000 
0.00000 0.00000 0.00000 0.00000 0.00000 75.00000 50.00000 1.00000 0.00000 0.00000 0.00000 0.00000 
0.00000 0.00000 0.00000 0.00000 0.00000 0.00000 0.00000 0.00000 0.00000 75.00000 50.00000 1.00000 
0.00000 100.00000 50.00000 1.00000 0.00000 0.00000 0.00000 0.00000 0.00000 0.00000 0.00000 0.00000 
0.00000 0.00000 0.00000 0.00000 0.00000 100.00000 50.00000 1.00000 0.00000 0.00000 0.00000 0.00000 
0.00000 0.00000 0.00000 0.00000 0.00000 0.00000 0.00000 0.00000 0.00000 100.00000 50.00000 1.00000 
25.00000 50.00000 50.00000 1.00000 0.00000 0.00000 0.00000 0.00000 0.00000 0.00000 0.00000 0.00000 
0.00000 0.00000 0.00000 0.00000 25.00000 50.00000 50.00000 1.00000 0.00000 0.00000 0.00000 0.00000 
0.00000 0.00000 0.00000 0.00000 0.00000 0.00000 0.00000 0.00000 25.00000 50.00000 50.00000 1.00000 
50.00000 25.00000 50.00000 1.00000 0.00000 0.00000 0.00000 0.00000 0.00000 0.00000 0.00000 0.00000 
0.00000 0.00000 0.00000 0.00000 50.00000 25.00000 50.00000 1.00000 0.00000 0.00000 0.00000 0.00000 
0.00000 0.00000 0.00000 0.00000 0.00000 0.00000 0.00000 0.00000 50.00000 25.00000 50.00000 1.00000 
50.00000 50.00000 50.00000 1.00000 0.00000 0.00000 0.00000 0.00000 0.00000 0.00000 0.00000 0.00000 
0.00000 0.00000 0.00000 0.00000 50.00000 50.00000 50.00000 1.00000 0.00000 0.00000 0.00000 0.00000 
0.00000 0.00000 0.00000 0.00000 0.00000 0.00000 0.00000 0.00000 50.00000 50.00000 50.00000 1.00000 

c right hand side vector 
140700.0 
168000.0 
  350.0 
136408.2 
173543.5 
  367.7 
131962.4 
179036.7 
  385.9 
127761.5 
183783.0 
  403.0 
123268.2 
188899.1 
  420.7 
140700.0 
150150.0 
  350.0 
136408.2 
155159.7 
  367.7 
132348.3 
160129.8 
  385.9 
127761.5 
165243.5 
  403.0 
123268.2 
170387.8 
  420.7 
141050.0 
129850.0 
  350.0 
136772.1 
135301.5 
  367.7 
132348.3 
140451.2 
  385.9 
128164.5 
145494.9 
  403.0 
123688.9 
150193.7 
  420.7 
156993.8 
173538.8 
  367.7 
173634.8 
179036.7 
  385.9 
189828.5 
184186.1 
  403.0 
206148.2 
188478.3 
  420.7 
156993.8 
154787.8 
  367.7 
174020.6 
160129.8 
  385.9 
189828.5 
165243.5 
  403.0 
206568.9 
169967.1 
  420.7 
156993.8 
135301.5 
  367.7 
174406.5 
140837.1 
  385.9 
190231.6 
145897.9 
  403.0 
206148.2 
151035.1 
  420.7 
170483.0 
145494.9 
  403.0 
148316.1 
145091.9 
  403.0 
164918.6 
150614.4 
  420.7 

Matrix A 
number of rows and cols,12 12 
61875.00000 5000.00000 25000.00000 875.00000 0.00000 0.00000 0.00000 0.00000 0.00000 0.00000 0.00000 0.00000 
5000.00000 61875.00000 25000.00000 875.00000 0.00000 0.00000 0.00000 0.00000 0.00000 0.00000 0.00000 0.00000 
25000.00000 25000.00000 35625.00000 825.00000 0.00000 0.00000 0.00000 0.00000 0.00000 0.00000 0.00000 0.00000 
875.00000 875.00000 825.00000 30.00000 0.00000 0.00000 0.00000 0.00000 0.00000 0.00000 0.00000 0.00000 
0.00000 0.00000 0.00000 0.00000 61875.00000 5000.00000 25000.00000 875.00000 0.00000 0.00000 0.00000 0.00000 
0.00000 0.00000 0.00000 0.00000 5000.00000 61875.00000 25000.00000 875.00000 0.00000 0.00000 0.00000 0.00000 
0.00000 0.00000 0.00000 0.00000 25000.00000 25000.00000 35625.00000 825.00000 0.00000 0.00000 0.00000 0.00000 
0.00000 0.00000 0.00000 0.00000 875.00000 875.00000 825.00000 30.00000 0.00000 0.00000 0.00000 0.00000 
0.00000 0.00000 0.00000 0.00000 0.00000 0.00000 0.00000 0.00000 61875.00000 5000.00000 25000.00000 875.00000 
0.00000 0.00000 0.00000 0.00000 0.00000 0.00000 0.00000 0.00000 5000.00000 61875.00000 25000.00000 875.00000 
0.00000 0.00000 0.00000 0.00000 0.00000 0.00000 0.00000 0.00000 25000.00000 25000.00000 35625.00000 825.00000 
0.00000 0.00000 0.00000 0.00000 0.00000 0.00000 0.00000 0.00000 875.00000 875.00000 825.00000 30.00000 

Q matrix 
number of rows and cols,12 12 
0.92451 -0.18962 -0.33052 -0.00931 0.00000 0.00000 0.00000 0.00000 0.00000 0.00000 0.00000 0.00000 
0.07471 0.94079 -0.33052 -0.00931 0.00000 0.00000 0.00000 0.00000 0.00000 0.00000 0.00000 0.00000 
0.37354 0.28081 0.88403 -0.01009 0.00000 0.00000 0.00000 0.00000 0.00000 0.00000 0.00000 0.00000 
0.01307 0.00983 0.00276 0.99986 0.00000 0.00000 0.00000 0.00000 0.00000 0.00000 0.00000 0.00000 
0.00000 0.00000 0.00000 0.00000 0.92451 -0.18962 -0.33052 -0.00931 0.00000 0.00000 0.00000 0.00000 
0.00000 0.00000 0.00000 0.00000 0.07471 0.94079 -0.33052 -0.00931 0.00000 0.00000 0.00000 0.00000 
0.00000 0.00000 0.00000 0.00000 0.37354 0.28081 0.88403 -0.01009 0.00000 0.00000 0.00000 0.00000 
0.00000 0.00000 0.00000 0.00000 0.01307 0.00983 0.00276 0.99986 0.00000 0.00000 0.00000 0.00000 
0.00000 0.00000 0.00000 0.00000 0.00000 0.00000 0.00000 0.00000 0.92451 -0.18962 -0.33052 -0.00931 
0.00000 0.00000 0.00000 0.00000 0.00000 0.00000 0.00000 0.00000 0.07471 0.94079 -0.33052 -0.00931 
0.00000 0.00000 0.00000 0.00000 0.00000 0.00000 0.00000 0.00000 0.37354 0.28081 0.88403 -0.01009 
0.00000 0.00000 0.00000 0.00000 0.00000 0.00000 0.00000 0.00000 0.01307 0.00983 0.00276 0.99986 

R matrix 
number of rows and cols,12 12 
66927.42969 18595.00000 38298.52344 1182.87634 0.00000 0.00000 0.00000 0.00000 0.00000 0.00000 0.00000 0.00000 
3767793593915360191447040.00000 64292.35938 28791.30469 889.23932 0.00000 0.00000 0.00000 0.00000 0.00000 0.00000 0.00000 0.00000 
2127396124573655390748672.00000 0.00000 14970.14160 151.00723 0.00000 0.00000 0.00000 0.00000 0.00000 0.00000 0.00000 0.00000 
   nan 0.00000 3754546525827427519692800.00000 5.37939 0.00000 0.00000 0.00000 0.00000 0.00000 0.00000 0.00000 0.00000 
0.00000 0.00000    nan 0.00000 66927.42969 18595.00000 38298.52344 1182.87634 0.00000 0.00000 0.00000 0.00000 
0.00000 0.00000    nan 0.00000 0.00000 64292.35938 28791.30469 889.23932 0.00000 0.00000 0.00000 0.00000 
   nan 0.00000 3935164938121393077223424.00000 0.00000 3754516549868307741671424.00000 0.00000 14970.14160 151.00723 0.00000 0.00000 0.00000 0.00000 
0.00000 0.00000 0.00000 0.00000 0.00000 0.00000 3763963588677056245792768.00000 5.37939 0.00000 0.00000 0.00000 0.00000 
3601248317967378111528960.00000 0.00000 0.00000 0.00000 50.32449 15589283777422032896.00000 12.89583 847387951104.00000 66927.42969 18595.00000 38298.52344 1182.87634 
0.00000 0.00000 0.00000 0.00000 3763979729578120741650432.00000 0.00000 3763991258793166810120192.00000 0.00000 3763952059462010177323008.00000 64292.35938 28791.30469 889.23932 
3763952059462010177323008.00000 0.00000 3763963588677056245792768.00000 0.00000 3763991258793166810120192.00000 0.00000 0.00000 0.00000 3763979729578120741650432.00000 0.00000 14970.14160 151.00723 
0.00000 0.00000 0.00000 0.00000 0.00000 0.00000 0.00000 0.00000 0.00000 0.00000 0.00000 5.37939 

QR  This must equal matrix A 
number of rows and cols,12 12 
   nan 5000.00000    nan 875.00000 0.00000 0.00000 0.00000 0.00000 0.00000 0.00000 0.00000 0.00000 
   nan 61875.00000    nan 875.00000 0.00000 0.00000 0.00000 0.00000 0.00000 0.00000 0.00000 0.00000 
   nan 25000.00000    nan 825.00000 0.00000 0.00000 0.00000 0.00000 0.00000 0.00000 0.00000 0.00000 
   nan 875.00000    nan 30.00000 0.00000 0.00000 0.00000 0.00000 0.00000 0.00000 0.00000 0.00000 
   nan -0.00000    nan 0.00000 -1240925300090180288380928.00000 5000.00000 -35059246328584951824384.00000 875.00000 0.00000 0.00000 0.00000 0.00000 
   nan -0.00000    nan 0.00000 -1240924291283863757389824.00000 61875.00000 -35056573442206107435008.00000 875.00000 0.00000 0.00000 0.00000 0.00000 
   nan 0.00000    nan 0.00000 3319111131967513553797120.00000 25000.00000 -37965943837483721555968.00000 825.00000 0.00000 0.00000 0.00000 0.00000 
   nan 0.00000    nan 0.00000 10362490008603732213760.00000 875.00000 3763445350460735468077056.00000 30.00000 0.00000 0.00000 0.00000 0.00000 
   nan 0.00000    nan 0.00000 -1957789842030942132109312.00000 14412430302725013504.00000 -713735296804476747251712.00000 783417606144.00000 -1957780906889281429045248.00000 5000.00000 25000.00000 875.00000 
   nan -0.00000    nan -0.00000 2297070285369952377503744.00000 1164640786730450944.00000 3541137008329810172182528.00000 63306477568.00000 2297048091630988695699456.00000 61875.00000 25000.00000 875.00000 
   nan 0.00000    nan 0.00000 4384456430854048281788416.00000 5823204345969115136.00000 1056972566747297691467776.00000 316532359168.00000 4384438560570726875660288.00000 25000.00000 35625.00000 825.00000 
   nan 0.00000    nan 0.00000 47382569837948592717824.00000 203812158293671936.00000 36994042268099217981440.00000 11078633472.00000 47382263593173931524096.00000 875.00000 825.00000 30.00000 

q*qT should be a 12x12 identity matrix 
number of rows and cols,12 12 
1.00000 -0.00000 -0.00000 -0.00000 0.00000 0.00000 0.00000 0.00000 0.00000 0.00000 0.00000 0.00000 
-0.00000 1.00000 0.00000 -0.00000 0.00000 0.00000 0.00000 0.00000 0.00000 0.00000 0.00000 0.00000 
-0.00000 0.00000 1.00000 -0.00000 0.00000 0.00000 0.00000 0.00000 0.00000 0.00000 0.00000 0.00000 
-0.00000 -0.00000 -0.00000 1.00000 0.00000 0.00000 0.00000 0.00000 0.00000 0.00000 0.00000 0.00000 
0.00000 0.00000 0.00000 0.00000 1.00000 -0.00000 -0.00000 -0.00000 0.00000 0.00000 0.00000 0.00000 
0.00000 0.00000 0.00000 0.00000 -0.00000 1.00000 0.00000 -0.00000 0.00000 0.00000 0.00000 0.00000 
0.00000 0.00000 0.00000 0.00000 -0.00000 0.00000 1.00000 -0.00000 0.00000 0.00000 0.00000 0.00000 
0.00000 0.00000 0.00000 0.00000 -0.00000 -0.00000 -0.00000 1.00000 0.00000 0.00000 0.00000 0.00000 
0.00000 0.00000 0.00000 0.00000 0.00000 0.00000 0.00000 0.00000 1.00000 -0.00000 -0.00000 -0.00000 
0.00000 0.00000 0.00000 0.00000 0.00000 0.00000 0.00000 0.00000 -0.00000 1.00000 0.00000 -0.00000 
0.00000 0.00000 0.00000 0.00000 0.00000 0.00000 0.00000 0.00000 -0.00000 0.00000 1.00000 -0.00000 
0.00000 0.00000 0.00000 0.00000 0.00000 0.00000 0.00000 0.00000 -0.00000 -0.00000 -0.00000 1.00000 

b=mT*c should have 12 rows 
115795552.0 
162983776.0 
128373512.0 
4648124.5 
142040864.0 
142121264.0 
122058168.0 
4785265.5 
353612.3 
353611.8 
324178.9 
11740.4 

projection matrix 
number of rows and cols,3 4 
-172.81046 656.87183 8.98883 140547.59375 
204.55278 205.96588 -765.30011 168556.39062 
0.70965 0.70964 0.00305 349.80353 

3x3 submatrix of p
number of rows and cols,3 3 
-172.81046 656.87183 8.98883 
204.55278 205.96588 -765.30011 
0.70965 0.70964 0.00305 

calibration matrix 
number of rows and cols,3 3 
594.69055 0.00000 332.28467 
0.00000 764.35028 294.99847 
0.00000 0.00000 1.00000 

